Confusion Matrix:
[[   0    0    0    0    0    0    0  445    0]
 [   0    0    0    0    0    0    0 1332    0]
 [   0    0    0    0    0    0    0  360    0]
 [   0    0    0    0    0    0    0 1097    0]
 [   0    0    0    0    0    0    0  325    0]
 [   0    0    0    0    0    0    0  351    0]
 [   0    0    0    0    0    0    0  108    0]
 [   0    0    0    0    0    0    0 1812    0]
 [   0    0    0    0    0    0    0  636    0]]

              precision    recall  f1-score   support

           0       0.00      0.00      0.00       445
           1       0.00      0.00      0.00      1332
           2       0.00      0.00      0.00       360
           3       0.00      0.00      0.00      1097
           4       0.00      0.00      0.00       325
           5       0.00      0.00      0.00       351
           6       0.00      0.00      0.00       108
           7       0.28      1.00      0.44      1812
           8       0.00      0.00      0.00       636

    accuracy                           0.28      6466
   macro avg       0.03      0.11      0.05      6466
weighted avg       0.08      0.28      0.12      6466
