Confusion Matrix:
[[   0  304    0  134    2    0    0    5    0]
 [   0  962    0  346    5    0    0   19    0]
 [   0  252    0   97    2    0    0    9    0]
 [   0  680    0  403    5    0    0    9    0]
 [   0  201    0  116    1    0    0    7    0]
 [   0  221    0  120    1    0    0    9    0]
 [   0   72    0   35    0    0    0    1    0]
 [   0 1144    0  633    1    0    0   34    0]
 [   0  394    0  214    2    0    0   26    0]]

              precision    recall  f1-score   support

           0       0.00      0.00      0.00       445
           1       0.23      0.72      0.35      1332
           2       0.00      0.00      0.00       360
           3       0.19      0.37      0.25      1097
           4       0.05      0.00      0.01       325
           5       0.00      0.00      0.00       351
           6       0.00      0.00      0.00       108
           7       0.29      0.02      0.04      1812
           8       0.00      0.00      0.00       636

    accuracy                           0.22      6466
   macro avg       0.08      0.12      0.07      6466
weighted avg       0.16      0.22      0.12      6466
