Confusion Matrix:
[[  5 101  11  87 171   8   0   9  53]
 [ 27 312  32 303 498  12   6  25 117]
 [  2  69  20  81 140   5   2   8  33]
 [ 11 220  32 318 378  12   2  19 105]
 [  5  55   7  68 149   4   0   2  35]
 [  7  79   4  73 139   8   1   3  37]
 [  1  26   3  21  43   3   0   0  11]
 [ 30 368  69 360 674  30   8  67 206]
 [ 15 122  16 111 246   6   1  15 104]]

              precision    recall  f1-score   support

           0       0.05      0.01      0.02       445
           1       0.23      0.23      0.23      1332
           2       0.10      0.06      0.07       360
           3       0.22      0.29      0.25      1097
           4       0.06      0.46      0.11       325
           5       0.09      0.02      0.04       351
           6       0.00      0.00      0.00       108
           7       0.45      0.04      0.07      1812
           8       0.15      0.16      0.16       636

    accuracy                           0.15      6466
   macro avg       0.15      0.14      0.10      6466
weighted avg       0.24      0.15      0.14      6466
