Confusion Matrix:
[[ 36  85  31  61  20  25   8 121  58]
 [ 52 392  78 181  64  45  24 387 109]
 [ 13  73  39  56  16  15   6 109  33]
 [ 44 208  65 276  49  42   7 283 123]
 [ 10  56  17  44  42  14   4  99  39]
 [ 13  68  35  48  34  17   4  96  36]
 [  1  24   5  15   6   9   5  31  12]
 [ 73 364  93 276  76  67  22 666 175]
 [ 22 123  42  91  39  22   9 179 109]]

              precision    recall  f1-score   support

           0       0.14      0.08      0.10       445
           1       0.28      0.29      0.29      1332
           2       0.10      0.11      0.10       360
           3       0.26      0.25      0.26      1097
           4       0.12      0.13      0.13       325
           5       0.07      0.05      0.06       351
           6       0.06      0.05      0.05       108
           7       0.34      0.37      0.35      1812
           8       0.16      0.17      0.16       636

    accuracy                           0.24      6466
   macro avg       0.17      0.17      0.17      6466
weighted avg       0.24      0.24      0.24      6466
