Confusion Matrix:
[[  0   0   0  25 175   0   0 245   0]
 [  0   0   0  82 520   0   0 730   0]
 [  0   0   0  21 153   0   0 186   0]
 [  0   0   0  66 461   0   0 570   0]
 [  0   0   0  18 133   0   0 174   0]
 [  0   0   0  22 136   0   0 193   0]
 [  0   0   0   8  41   0   0  59   0]
 [  0   0   0 119 738   0   0 955   0]
 [  0   0   0  33 272   0   0 331   0]]

              precision    recall  f1-score   support

           0       0.00      0.00      0.00       445
           1       0.00      0.00      0.00      1332
           2       0.00      0.00      0.00       360
           3       0.17      0.06      0.09      1097
           4       0.05      0.41      0.09       325
           5       0.00      0.00      0.00       351
           6       0.00      0.00      0.00       108
           7       0.28      0.53      0.36      1812
           8       0.00      0.00      0.00       636

    accuracy                           0.18      6466
   macro avg       0.06      0.11      0.06      6466
weighted avg       0.11      0.18      0.12      6466
