Confusion Matrix:
[[242   0   0   0   0   0   0 200   3]
 [717   0   0   0   0   0   0 606   9]
 [201   0   0   0   0   0   0 158   1]
 [580   0   0   0   0   0   0 515   2]
 [175   0   0   0   0   0   0 148   2]
 [183   0   0   0   0   0   0 167   1]
 [ 63   0   0   0   0   0   0  45   0]
 [927   0   0   0   0   0   0 878   7]
 [332   0   0   0   0   0   0 302   2]]

              precision    recall  f1-score   support

           0       0.07      0.54      0.13       445
           1       0.00      0.00      0.00      1332
           2       0.00      0.00      0.00       360
           3       0.00      0.00      0.00      1097
           4       0.00      0.00      0.00       325
           5       0.00      0.00      0.00       351
           6       0.00      0.00      0.00       108
           7       0.29      0.48      0.36      1812
           8       0.07      0.00      0.01       636

    accuracy                           0.17      6466
   macro avg       0.05      0.11      0.05      6466
weighted avg       0.09      0.17      0.11      6466
