Confusion Matrix:
[[  1 109   1 152  18   0   0 154  10]
 [  0 348   1 473  85   1   0 407  17]
 [  0  96   0 117  23   0   0 118   6]
 [  0 268   2 448  48   2   0 310  19]
 [  1  81   0 111  21   0   0 107   4]
 [  1  90   0 134  14   0   0 107   5]
 [  0  24   0  40   6   0   0  37   1]
 [  0 418   3 684 103   0   0 571  33]
 [  1 150   0 228  45   1   0 195  16]]

              precision    recall  f1-score   support

           0       0.25      0.00      0.00       445
           1       0.22      0.26      0.24      1332
           2       0.00      0.00      0.00       360
           3       0.19      0.41      0.26      1097
           4       0.06      0.06      0.06       325
           5       0.00      0.00      0.00       351
           6       0.00      0.00      0.00       108
           7       0.28      0.32      0.30      1812
           8       0.14      0.03      0.04       636

    accuracy                           0.22      6466
   macro avg       0.13      0.12      0.10      6466
weighted avg       0.19      0.22      0.18      6466
