Confusion Matrix:
[[ 15  92  13  99  23  15   0 163  25]
 [ 34 272  24 362  58  29   3 489  61]
 [ 10  73  12  85  12  13   1 137  17]
 [ 55 191  14 354  51  27   1 351  53]
 [  7  63   7  73  25  10   0 118  22]
 [ 10  67   7  79  13   8   0 144  23]
 [  3  24   2  24   4   5   0  41   5]
 [ 71 307  31 457  70  38   7 738  93]
 [ 16 102  10 140  33  22   5 250  58]]

              precision    recall  f1-score   support

           0       0.07      0.03      0.05       445
           1       0.23      0.20      0.22      1332
           2       0.10      0.03      0.05       360
           3       0.21      0.32      0.26      1097
           4       0.09      0.08      0.08       325
           5       0.05      0.02      0.03       351
           6       0.00      0.00      0.00       108
           7       0.30      0.41      0.35      1812
           8       0.16      0.09      0.12       636

    accuracy                           0.23      6466
   macro avg       0.13      0.13      0.13      6466
weighted avg       0.20      0.23      0.21      6466
