Confusion Matrix:
[[254  35  24   9   3  36  24  54   6]
 [191 507  68  43   8 128  53 313  21]
 [ 32  51 145  18  10  20  11  53  20]
 [ 97 182  76 293  17 144  57 192  39]
 [ 28  40  39  22  10 127   9  47   3]
 [ 35  25  30   9   8 169  37  34   4]
 [ 16  16  11   5   1  21   7  29   2]
 [279 393 168 135  16 263  73 409  76]
 [ 94  93  46  50  10 140  37  99  67]]

              precision    recall  f1-score   support

           0       0.25      0.57      0.35       445
           1       0.38      0.38      0.38      1332
           2       0.24      0.40      0.30       360
           3       0.50      0.27      0.35      1097
           4       0.12      0.03      0.05       325
           5       0.16      0.48      0.24       351
           6       0.02      0.06      0.03       108
           7       0.33      0.23      0.27      1812
           8       0.28      0.11      0.15       636

    accuracy                           0.29      6466
   macro avg       0.25      0.28      0.24      6466
weighted avg       0.33      0.29      0.28      6466
